1970
1978
2091
2201
2419
2423
2499
2511
2523
2596
2780
2794
2811
2820
2825
2884
2925
2933
3021
3043
3528
3664
3683
3684
3807
3904
3983
4002
4026
4066
4097
4137
4216
4251
4293
4300
4455
4510
4563
4566
4594
4685
4721
4739
4771
4773
4786
4793
4803
4824
4899
4909
4947
4976
4989
4990
4997
5058
5214
5231
5247
5257
5269
5388
5406
5442
5463
5478
5528
5587
5594
5630
5639
5667
5700
5708
6682
6764
6782
6811
6857
6859
7448
7456
7541
7579
7590
7617
7649
7677
7699
7707
7794
7821
7909
7956
8000
8007
8011
8044
8067
8094
8119
8125
8186
8204
8261
8272
8348
8382
8411
8429
8565
8739
8797
8846
8865
8962
8964
9032
9130
9139
9210
9281
9404
9415
9498
9523
9531
9669
9695
9715
9742
9790
9806
9833
9843
9874
9954
