2825
2820
2811
2794
2780
3043
3021
2933
2925
2884
2596
2523
2511
2499
2423
2419
2201
2091
1978
1970
4097
4066
4026
4002
3983
3904
4300
4293
4251
4216
4137
4510
4455
3807
3684
4803
4793
4786
4773
4771
4739
4721
4685
4594
4566
4563
3683
4997
4990
4989
4976
4947
4909
4899
4824
3664
5478
5463
5442
5406
5388
5269
5257
5247
5231
5214
5058
3528
5708
5700
5667
5639
5630
5594
5587
5528
6859
6857
6811
6782
6764
6682
7707
7699
7677
7649
7617
7590
7579
7541
7456
8125
8119
8094
8067
8044
8382
8348
8272
8261
8204
8186
8011
8007
8000
8565
8429
8411
7956
7909
7821
7794
7448
9210
9139
9130
9032
8964
8962
8865
8846
8797
9715
9695
9669
9531
9523
9498
9843
9833
9806
9790
9742
9415
9404
9281
9954
9874
8739
