7821
5388
2820
3021
8011
2423
3807
4026
5463
5587
9790
8007
7707
8272
2499
4976
4739
4137
9806
2091
5667
3684
8382
2780
4002
7590
5639
5058
7541
9139
6682
6859
5478
4685
9833
3983
9210
7448
9843
8186
6811
4803
9281
2811
5247
1978
3043
7677
4824
6857
5594
4899
4455
5406
9032
5442
1970
7956
4989
4721
8119
8204
5708
9742
9715
6782
8348
2925
4300
9531
9695
4909
7617
2794
9415
2523
9404
7794
9523
4066
4216
9954
2511
9498
8865
8565
8067
7579
8797
4566
4997
4510
4293
7649
7456
4563
2201
5630
8964
5528
4097
8739
3904
2419
9874
4793
2884
8044
7699
5269
8962
5214
3664
4251
8846
8429
4990
5257
4594
3528
8000
4947
8125
8411
4773
8094
5231
6764
3683
7909
4786
9669
2596
8261
4771
2933
2825
5700
9130
