1816
1922
1970
1978
2091
2093
2201
2344
2419
2423
2426
2495
2499
2511
2521
2523
2575
2596
2626
2679
2754
2769
2773
2780
2794
2811
2820
2825
2847
2933
3528
3555
3563
3603
3629
3648
3664
3679
3683
3684
3807
4002
4066
4137
4293
4314
4318
4453
4455
4510
4563
4566
4721
4739
4756
4771
4793
4824
4845
4880
4899
4907
4909
4976
4977
4997
5004
5214
5231
5247
5257
5269
5388
5406
5442
5460
5463
5496
5504
5572
5587
5594
5630
5639
5667
5700
5708
5741
5749
5795
5812
5814
5844
5875
5877
7285
7448
7456
7541
7601
7699
7794
7821
7842
7909
7940
7956
7961
8000
8007
8011
8017
8036
8044
8069
8094
8119
8125
8186
8204
8261
8272
8283
8648
8739
8749
8759
8787
8797
8822
8846
8850
8856
8865
8953
8962
8964
9032
9061
9130
9139
9210
9222
9278
9281
9314
9404
9409
9415
9468
9498
9523
9669
9736
9742
9766
9772
9790
9806
9833
9843
9844
9845
9852
9874
9882
9934
9954
