3555
9772
9278
9742
8044
4739
5442
8759
5741
2596
8119
2820
5231
8964
2825
9415
5406
4293
2523
5844
9833
7956
8962
5667
8749
8125
9736
4455
9669
2780
9843
9806
9523
9874
3629
2933
9844
8865
2773
9766
4793
5594
8846
2091
7456
4510
2499
9314
8011
2093
9498
4066
7909
3603
8000
9210
4771
8272
2201
3664
5504
9404
3683
8648
8017
4002
8261
8797
5630
1970
3648
5587
3807
4563
2511
2811
9130
2847
8787
4137
4909
4880
2423
2754
4899
5214
9032
2419
9790
2794
4824
8822
8007
8204
9852
5708
5463
5795
9468
8186
2521
8094
5004
9281
4976
7794
9954
4997
