4314
3555
9772
8953
9278
9742
8044
4739
8759
5442
8119
5741
2596
2426
5231
2820
5877
5749
8964
5700
2825
8069
9415
8856
5814
5406
5572
4293
2523
2344
5844
7956
9833
1816
5247
8962
4907
7541
5667
9845
8749
5875
8125
9736
5269
2575
4455
4318
9669
7821
2780
9409
9843
9806
9874
9523
2933
1922
3629
5388
9139
9844
8865
2773
9766
4793
7940
3684
2679
5594
8846
2091
5639
7456
4510
8850
4721
4453
2499
9314
8011
3679
2093
9498
7448
4066
7909
3603
8036
8000
3528
9210
4771
8272
5460
5257
2201
3664
9222
9404
5504
8648
3683
4002
8017
8261
4977
8797
5630
1970
8739
3648
3563
3807
5587
8283
4563
7285
2511
2811
9130
2847
4756
8787
4137
4909
2423
7961
4880
1978
2754
4899
5214
9032
7601
2419
7842
9790
2794
9061
2769
5812
4824
8204
8822
8007
5708
9852
4566
5463
5795
2626
9934
9468
8186
2495
2521
8094
5004
9281
4976
4845
7794
5496
9954
7699
4997
9882
