0
2
4
5
6
7
9
12
13
14
10
17
18
20
23
24
25
28
30
32
41
42
27
34
35
44
38
46
47
49
50
37
52
55
57
16
61
63
58
64
65
67
68
69
71
62
75
77
80
76
83
84
85
86
89
87
91
94
95
96
97
99
100
103
104
109
98
111
113
114
56
118
112
119
120
92
122
123
128
127
130
129
133
134
132
26
138
72
140
54
141
144
146
147
149
150
60
151
154
157
158
159
152
117
161
162
165
166
167
168
126
169
171
172
173
174
175
176
177
178
179
180
183
184
185
186
189
190
191
188
193
36
192
163
196
197
198
202
164
204
205
207
208
194
209
203
210
212
215
200
217
218
211
221
214
206
224
225
222
170
226
228
227
229
230
232
231
233
48
236
216
238
241
235
242
244
245
246
247
250
251
252
234
249
254
253
255
258
261
262
199
257
260
259
266
8
268
269
271
272
274
273
275
276
110
279
281
278
53
267
286
285
288
240
290
291
293
296
297
298
299
300
301
302
304
306
305
308
295
310
289
311
314
315
313
316
317
320
324
270
160
327
328
321
330
332
264
333
334
284
309
335
287
337
338
339
340
341
342
344
343
345
346
348
347
350
349
351
353
354
355
356
358
357
352
219
359
366
318
137
369
370
371
372
374
187
375
376
377
378
379
381
382
383
384
385
386
388
367
391
392
365
387
389
396
397
399
402
400
401
393
404
362
407
408
405
410
395
412
413
414
416
418
420
419
423
424
421
426
427
411
429
430
428
432
425
434
435
436
438
440
441
442
443
444
446
406
447
450
449
451
453
454
455
448
458
457
459
461
463
465
460
466
467
468
470
471
472
473
474
475
439
480
481
483
478
485
486
487
488
484
491
482
492
493
494
495
496
497
499
500
501
502
490
506
507
505
510
503
511
509
368
513
514
498
515
516
517
518
519
522
524
526
529
530
531
532
534
525
535
537
538
539
541
489
542
543
544
417
546
547
548
549
552
555
556
521
557
560
561
562
563
564
565
566
567
568
571
573
570
574
575
550
577
578
579
576
580
581
582
584
588
589
590
592
585
594
554
595
596
597
599
600
603
604
605
606
607
608
613
601
512
616
614
617
618
620
621
623
624
622
628
629
630
631
634
390
635
637
639
636
640
641
644
645
646
642
648
643
182
647
651
650
652
653
654
655
657
658
659
660
661
656
663
662
664
665
667
638
666
649
670
671
672
673
674
675
678
680
681
135
684
685
686
363
687
688
689
692
690
696
697
699
700
703
704
702
707
708
710
711
712
713
705
716
706
709
718
720
721
724
725
726
727
728
731
732
733
734
735
737
738
739
740
741
730
742
743
744
747
748
749
746
753
155
755
754
756
757
759
760
761
752
763
764
758
766
762
768
769
676
767
325
773
774
775
776
777
445
779
780
781
782
783
785
786
787
788
789
790
791
793
792
794
795
796
798
797
799
800
802
804
803
805
806
808
811
812
807
814
813
815
816
817
819
820
821
751
823
824
825
810
826
828
559
827
830
831
833
835
836
838
840
841
843
844
832
846
847
848
850
851
852
853
669
855
856
857
860
863
864
865
867
869
870
871
872
874
875
873
876
745
878
880
881
882
885
886
887
888
772
842
892
877
894
896
897
899
900
901
902
903
904
905
907
908
906
910
911
912
913
890
915
916
829
917
918
921
923
914
924
926
909
931
930
929
932
933
934
935
938
936
940
937
942
943
944
945
946
947
948
949
953
955
956
954
957
959
960
962
963
964
965
966
968
969
972
973
974
970
975
919
978
980
971
979
950
985
986
987
988
983
990
991
992
993
994
995
996
999
1002
1003
1004
1005
545
1008
1006
1009
1012
1013
1010
1015
1016
715
1017
292
1018
1007
1020
1019
984
1021
1022
1025
1023
1028
1029
1030
1034
1035
1036
1037
1014
1039
1040
1041
1042
1043
1047
1045
1048
1049
1050
1051
1052
1054
1053
1056
1059
1061
1062
1064
1057
1068
1069
1071
1072
1073
1075
1076
1079
1080
1085
1087
1088
1090
1083
1091
1092
1093
1094
1095
939
1096
1097
1098
1101
1084
1011
1103
1104
1099
1107
1108
1109
1111
1112
1114
1115
1116
1117
1118
1038
1121
1123
1124
1126
1127
1128
1130
1131
1122
1133
1134
1135
1136
1119
1138
1141
456
1142
1143
1144
1146
1147
1148
1150
1149
1152
1154
1155
1156
1158
1145
1031
1163
1161
1167
1168
1171
1172
1173
1169
1175
1174
1177
1176
1151
1182
1181
1100
1184
1185
1186
1178
1188
1190
1193
1194
1195
1196
1197
1198
1200
1201
1203
1205
1162
1208
1209
1210
1211
1213
1215
951
1217
1216
1219
1218
1221
1222
1223
1180
1225
1226
1227
1228
1230
1231
1233
1232
1234
1129
1235
1236
1237
1239
1238
1241
1243
1220
1244
1245
1246
1250
1252
1253
1255
1254
1256
1257
1258
1259
1261
1262
1260
1264
1265
1266
1267
1268
1269
1263
1272
1274
1275
1276
1278
1229
1280
1224
1279
1282
1283
1287
1285
1290
1291
1292
1293
1295
1296
1289
1298
1299
1300
1302
1303
1305
1297
1306
1308
1309
1312
1307
1311
1315
1314
1317
1318
1321
1320
1322
1323
1326
1325
1328
1304
1331
1327
1316
1333
1336
1337
1340
1341
1343
1344
1345
1346
1348
1347
1349
1351
1353
1356
1355
1324
1352
1361
1360
1362
1363
1364
1365
1367
1369
1370
1371
1373
1372
1375
1376
1377
1379
1380
1382
1383
1384
1387
1388
1389
1390
1202
1391
1392
1394
1393
1395
1396
1284
1397
1398
1399
1401
1403
1404
1405
1406
1408
1410
1411
1412
1414
1416
1418
1419
1420
1386
1422
1424
1425
1426
1427
1429
1417
1431
1435
1438
1439
1354
1441
1374
1445
1446
1447
1448
1450
1452
1368
1449
1454
1456
1458
1459
1455
1460
1461
1463
1464
1462
1451
1469
1468
1472
1470
1476
1467
1477
1479
1481
1483
1484
1485
1486
1487
1313
1478
1491
1488
1490
1494
1496
1495
1497
1493
1500
1501
1502
433
1504
1505
1506
1508
1510
1511
1512
1513
1516
1517
1518
1520
1521
1522
1524
1519
1515
1527
1528
1531
1532
1534
1530
1271
1538
1539
1514
1536
1541
1543
1535
1537
1545
1546
1547
1549
1551
1473
1548
1552
1553
1554
1556
1434
1559
1560
1562
1563
1564
1565
1566
1499
1568
1571
1573
1569
1575
1576
1577
1578
1580
1583
1585
1587
1586
1588
1589
1579
1590
1592
1591
1596
1597
1599
1600
1542
1601
1602
1605
1606
1607
1608
1609
1610
1611
1612
1613
1503
1614
1615
1617
1618
1620
1621
1359
1619
1622
1623
1616
1627
1628
1626
1629
1630
1634
1635
1624
1636
1637
1639
1641
1642
1640
1631
1645
1646
1647
1648
1649
1650
1652
1657
1654
1660
1662
1663
1664
1665
1666
1667
1668
1670
1673
1674
1676
1678
1679
1681
1671
1682
1683
1685
1686
1687
1688
1689
1692
1691
1696
1697
1695
1699
1698
1700
1701
1702
1703
1704
1706
1707
1708
1711
1710
1712
1716
1717
1718
1719
1720
1721
1723
1725
1727
1728
1729
1633
1730
1733
1734
1735
1736
1737
1738
1739
1740
1741
1713
1742
1744
1745
1748
1747
1749
1751
1750
1752
1754
1755
1756
1743
1758
1759
1760
1757
1762
1763
1677
1764
469
1768
1769
1770
1773
1774
1775
1776
1777
1779
1732
1782
1771
1724
1786
1788
1790
1792
1794
1795
1796
1798
1797
1799
1801
1803
1804
1802
1806
1807
1809
1810
1812
1625
1814
1817
1818
1820
1821
1824
1825
1826
1761
1828
1829
1830
1831
1832
1823
1834
1835
1836
1785
1839
1842
1843
1844
1841
1846
1847
1833
1838
1848
1850
1851
1852
1855
1856
1857
1859
1714
1860
1861
1862
1863
1864
1854
1868
1869
1873
1874
1866
1875
1878
1877
1880
1881
1882
1883
1885
1867
1886
1888
1889
1890
1891
1884
1893
1895
1892
1896
1897
1899
1898
1901
1902
1904
1870
1906
1907
1908
1900
1909
1912
1913
1914
1911
1915
1916
1918
1917
1919
1920
1921
1923
1925
1926
1927
1928
1929
1930
1932
1933
1934
1935
1936
1937
1939
1941
1940
1942
1944
1945
1943
1947
1948
1949
1951
1955
1956
1957
1958
1959
1961
1910
1604
1964
1963
1967
1968
1966
1969
1971
1972
1973
1962
1974
1976
1977
1950
1979
1980
1981
1982
1983
1480
1985
1986
1987
1989
1952
1990
1993
1992
1994
1995
1997
1996
1999
2000
2001
2003
2004
2005
2006
1998
1753
2009
2010
2011
2012
2013
2014
2015
2016
2017
2019
2018
2023
2027
2029
1482
2032
2033
2035
2036
2037
2026
2038
2039
2040
2042
2044
2045
2046
2043
2047
2048
2050
2051
2052
2053
2034
2054
2056
2058
2059
2061
2041
2062
2063
2066
2067
2068
2069
2070
2072
2071
2073
2075
2076
2057
2078
2060
2077
2083
2084
2085
2086
2080
2088
2089
2092
2087
2094
2095
2096
2097
2098
2099
2102
2103
2064
2105
2107
2108
2111
2106
2007
2114
2115
2116
2117
2118
1767
2110
2120
2121
2123
2122
2119
2124
1984
2126
2128
2130
2131
2129
2132
2133
2134
2135
2136
2137
2112
2139
2140
2141
2127
2142
2144
2143
2146
2148
2145
2149
2151
2147
2155
2156
2125
2159
2160
2163
2164
2161
2168
2167
2169
2170
2166
2173
2175
2174
2176
2177
2179
2180
2182
2181
2183
2184
2185
2187
2189
1694
2191
2192
2171
2195
2178
2172
2200
2199
2203
2204
2206
2207
2209
2210
2211
2212
2213
2214
2216
2218
2219
2220
2221
2222
2223
2225
2217
2227
2228
2229
2232
2233
2235
2237
2236
2240
1722
2243
2244
2245
2247
2248
2249
2250
2251
2252
2230
2253
2254
2255
2257
2258
2259
2260
2262
2263
2264
2265
2266
2267
2268
2269
2270
2271
2272
2273
2275
2276
2277
2278
2279
2281
2282
2285
2286
2287
2226
2283
2290
2291
2292
2293
2294
2295
2296
2297
2298
2299
2300
2301
2302
2303
2304
2306
2307
2308
2311
2312
2313
2246
2316
2256
2319
2320
2322
2324
2314
2323
2326
2330
2331
2328
2332
2333
2334
2335
2337
2325
2338
2340
2343
2345
2346
2348
2327
2351
2353
2354
2356
2357
2355
2358
2359
2361
2362
2363
1089
2368
2367
2370
2371
2373
2365
2376
2378
2380
2381
2383
2386
2389
2390
2391
2392
2388
2395
2288
2397
2398
2399
2400
2401
2402
2404
2405
2406
2407
2408
2409
2410
2411
2412
2414
2415
2396
2418
2420
2339
2421
2424
2425
2422
2427
2429
2430
2431
2432
2433
2434
2428
2437
2438
2439
2436
2441
2442
2443
2440
2445
2444
2447
2448
2449
2451
2426
2453
2455
2457
2458
2460
2446
2461
2462
2464
2463
2465
2469
2470
2466
2474
2476
2477
2481
2483
2480
2484
2485
2486
2488
2489
2490
2491
2492
2494
2487
2497
2498
2500
2501
2452
2504
2505
2507
2508
2509
2512
2513
2503
2515
2516
2517
2518
2519
2520
2522
2493
2524
2525
2526
2527
2528
2529
2530
2532
2535
2537
2538
2539
2540
2543
2544
2545
2546
2547
2548
2550
2551
2552
2553
2554
2555
2557
2560
2561
2473
2563
2564
2565
2567
2568
2569
2571
2570
2573
2562
2576
2577
2514
2581
2582
2583
2584
2578
2587
2588
2589
2590
2591
2585
2593
2595
2598
2592
2600
2601
2602
2603
2605
2606
2609
2610
2611
2612
2614
2615
2616
2617
2619
2620
2621
2622
2623
2624
2607
2627
2628
2629
2630
2631
2633
2637
2638
2636
2632
2639
2642
2641
2640
1594
2645
2646
2648
2649
2644
2651
2652
2654
2650
2657
2655
2659
2660
2661
2656
2663
2665
2666
2667
2668
2669
2670
2671
2673
2495
2643
2676
2674
2677
2675
2678
2682
2679
2684
2685
2686
2683
2689
2690
2691
2692
2693
2694
2695
2687
2696
2698
2697
2701
2703
2704
2706
2708
2707
2710
2711
2712
2713
2715
2716
2717
2718
2720
2722
2723
2724
2725
2726
2727
2729
2730
2732
2709
2733
2735
2736
2737
2740
2741
2739
2743
2742
2747
2744
2750
2751
2752
2753
2748
2758
2760
2756
2763
2762
2765
2766
2764
2768
2770
2771
2772
2774
2776
2779
2781
2782
2784
2785
2786
2787
2788
2789
2790
1922
2791
2792
2793
2759
2796
2798
2800
2799
2802
2803
2804
2805
2808
2809
2810
2812
2795
2814
2813
2817
2816
2821
2819
2823
2824
2826
2828
2829
2830
2831
2832
2833
2835
2836
2837
2834
2840
2841
2839
2842
2843
2844
2845
2344
2848
2849
2850
2846
2853
2851
2854
2856
2857
2860
2861
2862
2863
2864
2859
2865
2866
2867
2868
2869
2871
2872
2870
2873
2875
2876
2858
1813
2878
2880
2879
2882
2883
2885
2886
2888
2889
2891
2892
2881
2895
2897
2898
2896
2899
2903
2904
2905
2901
2906
2907
2908
2909
2911
2912
2914
2915
2916
2917
2918
2900
2924
2923
2927
2929
2928
2930
2932
2934
2935
2936
2931
2937
2801
2939
2941
2944
2946
2945
2947
2948
2950
2951
2952
2953
2954
2942
2955
2956
2957
2958
2960
2949
2962
2963
2964
2966
2967
2965
2969
2968
2973
2961
1453
2975
2977
2980
2971
2978
2877
2985
2986
2987
2988
2981
2992
2994
2993
2996
2976
2998
2999
3000
3001
3002
3004
3005
3007
2995
3009
3008
3010
2920
3013
3014
3011
3015
3012
3016
3017
3018
3020
3022
3024
3025
3023
3027
3028
3030
3031
3032
3034
3035
3036
3038
2922
3040
3041
3026
3042
3044
3045
3039
3048
3050
3053
3003
3056
3058
3059
3060
3061
2575
3052
3065
3066
3068
3069
3067
3070
3075
3076
3064
3078
3079
3080
3082
3083
3063
3081
3085
3086
3088
3089
3091
3092
3094
3095
3097
3090
3099
3100
3101
3102
3105
3106
3108
3109
3110
3111
3112
3113
3104
3116
3087
3120
3121
3122
3123
3126
3127
3130
3129
3131
3133
3134
3135
3137
3138
3140
3141
3142
3143
3144
3145
3128
3148
3150
3019
3152
3098
3153
3155
3156
3159
3160
3158
3161
3055
3151
3165
3162
3166
3164
3167
3168
3173
3174
3147
3177
3171
3181
3107
3183
3184
3182
3186
3187
3188
3175
3192
3193
3180
3194
3195
3196
3197
3199
3198
3201
3204
3205
3185
3207
3208
3210
3211
3212
3214
3215
3216
3217
3213
3220
3221
3222
3223
3218
3224
3226
3227
3232
3233
3234
3236
3237
3238
3239
3235
3241
3242
3243
3244
3248
3245
3250
3249
3251
3247
3254
3252
3257
3255
3260
3240
3259
3262
3263
3265
3261
3266
3268
3264
3229
3269
3271
3273
3274
3275
3270
3272
3225
3279
3281
3282
3283
3284
3285
3286
3289
3290
3292
3293
3294
3295
3296
3297
3298
2959
3191
3300
3301
3303
3302
3304
3306
3308
3305
3309
3310
3312
3311
3314
3316
3317
3319
3320
3321
3322
3323
3291
3325
3326
3328
3327
3330
3331
3332
3333
3231
3335
3336
3337
3339
3340
3341
3342
3343
3338
3345
3346
3347
3348
3349
3350
3351
3352
3353
3354
3357
3359
3360
3361
3362
3363
3364
3366
3367
3368
3369
3370
3371
3372
3373
3374
3375
3376
3377
3378
3379
3380
3381
3383
3384
3382
3385
3386
3388
3387
3389
3390
3391
3392
3395
3394
3398
3400
3401
3402
3403
3405
3404
3406
3407
3408
3409
3411
3410
3412
3414
3415
3416
3417
3418
3267
3420
3423
3413
3424
3425
3427
3428
3429
3430
3431
3433
3426
3434
3436
3438
3437
3440
3439
3441
3444
3445
3446
3074
3447
3449
3421
3451
3448
3453
3455
3456
3450
3457
3046
3452
3460
3462
3419
3463
3464
3466
3468
3469
3470
3276
3459
3472
3475
3474
3476
3422
3477
3478
3479
3480
3482
3483
3485
3481
3486
3487
3458
3488
3490
3491
3492
3493
3495
3489
3497
3498
3499
3501
3503
3500
3504
3506
3496
3509
3510
3511
3507
3513
3514
3516
3518
3519
3517
3467
3523
3443
3522
3524
3508
3435
3530
3531
3533
3534
3532
3537
3536
3539
3541
3307
3545
3546
3547
3548
3550
3552
3512
3527
3554
3553
3535
3556
3557
3558
3502
3559
3562
3564
3561
3565
3568
3569
3570
3571
3572
3574
3573
3575
3577
3576
3579
3580
3581
3582
3583
3584
3586
3588
3397
3589
3590
3591
3592
3593
3594
3597
3598
3600
3601
3602
3604
3605
3606
3608
3609
3610
3612
3613
3615
3616
3617
3618
3619
3620
3622
3623
3624
3625
3626
3628
3630
3631
3632
3633
3634
3635
3636
3637
3638
3639
3640
3642
3644
3646
3649
3650
3651
3567
3653
3654
3652
3656
3657
3658
3659
3660
3643
3661
3663
3662
3665
3666
3667
3671
3675
3676
3673
3677
3680
3682
3687
3688
3689
3691
3692
3693
3694
3695
3697
3698
3699
3701
3702
3703
3704
3543
3706
3707
3709
3710
3708
3712
3711
3714
3715
3717
3700
3718
3719
3720
3723
3724
3685
3727
3728
3722
3730
3731
3734
3735
3726
3737
3738
3739
3740
3741
3742
3744
3743
3746
3747
3732
3750
3752
3754
3756
3757
3758
3760
3761
3762
3764
3765
3766
3767
3768
3770
3772
3773
3775
3776
3777
3778
3779
3780
3781
3782
3783
3784
3785
3786
3769
3788
3789
3790
3791
3792
3793
3794
3795
3796
3797
3798
3679
3721
3801
3804
3805
3809
3755
3811
3812
3813
3806
3288
3816
3787
3814
3818
3820
3823
3824
3822
3827
3828
3830
3829
3832
3751
3836
3838
3839
3840
3841
3842
3843
3844
3845
3847
3848
3849
3850
3835
3852
3853
3854
3855
3856
3857
3858
3861
3859
3862
3860
3865
3866
3867
3868
3870
3871
3834
3874
3875
3878
3879
3880
3881
3873
3883
3884
3876
3886
3887
3864
3888
3889
3891
3890
3892
3893
3895
3896
3898
3899
3900
3902
3897
3901
3905
3906
3907
3908
3334
3903
3911
3894
3913
3914
3915
3916
3917
3918
3919
3921
3923
3926
3927
3928
3929
3930
3931
3920
3932
3935
3936
3937
3938
3934
3940
3941
3943
3944
3945
3947
3946
3951
3952
3950
3942
3953
3955
3956
3954
3959
3960
3962
3961
3964
3965
3966
3967
3968
3969
3963
3971
3972
3974
3975
3976
3595
3977
3978
3979
3980
3982
3970
3984
3985
3986
3987
3981
3988
3989
3992
3994
3995
3997
3998
3999
3996
4005
4006
4007
2769
4008
4010
4011
4000
4013
4014
4012
4015
4016
4019
4020
4017
3993
4021
4023
4024
4022
4027
4028
4030
4031
4032
4034
4035
4036
4037
4038
4039
4042
4043
4041
4044
4046
4033
4048
4050
4051
4052
4054
4055
4056
4045
4057
3802
4060
4062
4065
4068
4069
4070
4061
4071
4073
4075
4076
4077
4078
4079
4080
4083
4084
4085
4086
4087
4089
4088
4090
4092
4093
4091
4095
4098
4099
4100
4101
4103
4102
4104
4106
4107
4111
4113
4116
4117
4118
4120
4121
4122
4125
4126
4127
4128
4129
4131
4115
4132
4134
4135
4133
4138
4114
4140
4142
4143
4144
4145
4146
4147
4139
4136
4148
4152
4149
4155
4156
4157
4150
4159
4160
4162
4163
4161
4164
4165
4166
4170
4168
4172
4173
4174
4175
4176
4178
4179
2626
4181
4182
4183
4177
4185
4186
4110
4188
4190
4191
4154
4192
4194
4187
4195
4198
4199
4200
4203
4202
4204
3821
4205
4206
4208
4209
4210
4193
4207
4213
4214
4215
4217
4218
4220
4222
4219
4225
4226
4227
3933
4229
4230
4228
4231
4232
4234
4237
4238
4239
4240
4242
4243
4197
4245
4169
4244
4246
4236
4248
4252
4253
4255
4256
4258
4235
4261
4262
4264
4265
4266
4267
4250
4268
4269
4270
4272
4273
4271
4274
4275
4276
4277
4278
4279
4281
4280
4285
4286
4287
4288
4289
4290
4284
4292
4282
4296
4297
4299
4298
4303
4305
4304
4302
4309
4310
4301
4307
4312
4315
4224
4319
4320
4321
4322
4323
4324
4325
4326
4327
4329
4308
4330
4332
4333
4334
4335
4336
4316
4338
4340
4341
4342
4344
4345
4339
4348
4351
4352
4353
4350
4354
4356
4357
4359
4358
4360
4361
2925
4362
4363
4364
4365
4367
4368
4371
4373
4372
4374
4375
4377
4378
4381
4382
4383
4384
4385
4386
4387
4389
4390
4391
4392
4355
4254
4395
4396
4397
4398
4379
4400
4401
4403
4405
4407
4408
4393
4410
4411
4412
4413
4366
4414
4415
4417
4418
4419
4420
4421
4376
4422
4424
4416
4427
4429
4430
4431
4423
4432
4435
4439
4440
4442
4443
4445
4394
4448
4447
4450
4451
4404
4452
4454
4457
4458
4459
4460
4461
4446
4463
4464
4462
4465
4468
4469
4470
4471
4472
4473
4474
4476
4477
4478
4479
4467
4480
4481
4482
4486
4487
4488
4489
4456
4490
4492
4494
4495
4496
4491
4498
4437
4500
1894
4502
4501
4466
4503
4504
4505
4507
4509
4511
4512
4513
4514
4515
4516
4518
4519
4493
4517
4524
4525
4526
4527
4530
4532
4531
4534
4537
4535
4539
4533
4542
4543
4545
4546
4547
4529
4520
4550
4551
4549
4552
4553
4554
4556
4557
4544
4555
4558
4559
4562
4560
4564
4548
4538
4567
4568
4569
4570
4571
4573
4485
4201
4576
4578
4579
4580
4581
4582
4583
4584
4585
4587
4588
4589
4590
4592
4593
4561
4586
4595
4596
4597
4591
4599
4601
4603
4604
4602
4606
4605
4608
4610
4611
4612
4613
4614
4615
4600
4616
4609
4565
4619
4618
4620
4617
4621
4607
4622
4623
4624
4626
4629
4628
4631
4634
4633
4637
4638
4639
4575
4642
4644
4645
4647
4648
4649
4650
4646
4652
4653
4654
4655
4657
4658
4656
4660
4661
4662
4663
4665
4666
4667
4669
4670
4674
4676
4672
4678
4680
4671
4683
4682
4684
4686
4687
4689
4673
4692
4318
4694
4695
4697
4699
4677
4702
4705
4706
4707
4691
4664
4709
4710
4712
4713
4679
4708
4714
4715
4711
4717
4719
4718
4720
4723
4700
4725
4453
4727
4728
4730
4726
4731
4732
4733
4734
4735
4724
4716
4741
4742
4736
4743
4744
4745
4746
4747
4751
4740
4753
4754
4749
4755
4757
4750
4758
4759
4760
4737
4761
4763
4764
4766
4765
4770
4768
4772
4748
4776
4778
4779
4780
4782
4722
4784
4789
4790
4783
4791
4792
4781
4794
4796
4785
4799
4800
4801
4798
4802
4805
4808
4809
4811
4810
4812
4814
4815
4818
4819
4822
4823
4826
4827
4828
4788
4830
4831
4832
4833
4834
4835
4836
4837
4838
4839
4841
4499
4843
4844
4846
4847
4848
4849
4852
4853
4855
4857
4856
4858
4861
4862
4865
4860
4866
4868
4871
4872
4870
4873
4874
4875
4876
4877
4878
4879
4881
4883
4885
4886
4887
4888
4889
4891
4806
3563
4896
4897
4898
4890
4901
4902
4903
4904
4906
4905
4842
4910
4911
4913
4914
4915
4908
4917
4920
4922
4924
4925
4926
4927
4928
4929
4930
4932
4893
4933
4936
4937
4938
4935
4940
4941
4943
4945
4946
4948
4949
4813
4951
4952
4950
4953
4954
4958
4955
4961
4962
4957
4963
4964
4965
4966
4968
4969
4970
4959
4972
4973
4974
4975
4978
4979
4980
4981
4982
4984
4985
4987
4884
4991
4993
4994
4996
4995
4999
5001
5002
4918
5005
5006
5008
5010
5011
5013
5014
5015
5016
5017
5018
5020
5022
5023
5025
5026
5027
5028
5029
5031
5033
5035
5036
5034
5038
5039
5040
5041
5043
5045
5047
5048
5050
5053
5054
5055
5051
5057
5060
5061
5049
5063
5065
5066
5067
5068
5069
5070
5071
5072
5074
5075
5076
5077
5078
5079
5081
5082
5083
5084
5073
5086
5087
5088
5089
5090
5091
5092
5093
5094
5095
5096
5098
5099
5100
5102
5103
5104
5105
5106
5108
5109
5111
5112
5113
5114
5115
5116
5117
5120
5121
4756
5124
5125
5122
5127
5126
5128
5129
5130
5132
5133
5134
5135
5136
5137
5138
5139
5123
5145
5147
5148
5149
5150
5144
5146
5152
5143
5153
5155
5156
5157
5159
5160
5161
5162
5164
5165
5166
5158
5167
5168
5151
5171
5173
5174
5175
5176
5178
5177
5181
5179
5183
5185
5187
5188
5189
5190
5191
5193
5194
5195
5196
5200
5198
5199
5201
5202
5204
5205
5206
5208
5210
5209
5213
5215
5217
5219
5221
5186
5223
5207
5226
5228
5229
5230
5232
5233
5234
5235
5236
5237
5238
5239
5240
5241
5242
5244
5245
5246
4845
5249
5250
5252
5253
5254
5255
5256
5225
5248
5262
5263
5264
5265
5266
5268
5270
5275
5273
5277
5279
5280
5281
5282
5283
5286
5287
5288
5289
5290
5261
5294
5297
5298
5299
5300
5301
5302
5303
5304
5306
5307
5308
5309
5311
5312
5313
5314
5315
5305
5318
5319
5320
5323
5324
5322
5326
5327
5251
5328
5329
5331
5332
5333
5334
5335
5337
5336
5338
5339
5340
5341
5342
5343
5344
5345
5346
5347
5348
5349
5350
5351
5352
5354
5357
5358
5360
5362
5363
5364
5365
5366
4314
5367
5369
5368
5373
4977
5376
5371
5377
5372
5382
5383
5384
5386
5387
5389
5278
5391
5392
5395
5397
5399
5400
5401
5396
5403
5405
5019
5374
5407
5409
5410
5411
5413
5414
5416
5417
5418
5419
5420
5355
5423
5424
5325
5422
5427
5428
5429
2241
5431
5432
5421
5434
5408
5436
5437
5439
5441
5438
5443
5444
5445
5446
5447
5449
5448
5375
5451
5452
5453
5454
5455
5456
5459
5461
5404
5458
5464
5466
5430
5468
5470
5457
5471
5472
5473
5475
5476
5477
5479
5480
5469
5482
5483
5484
5474
5433
5490
5489
5491
5492
5485
5493
5495
5494
5498
5499
5497
5500
5501
5503
5502
5505
5506
5507
5509
5510
5511
5512
5514
5513
5516
5517
5520
5521
5519
5523
5524
5525
5526
5527
5529
5530
5532
5533
5536
5537
5538
5539
5540
5531
5541
5542
5544
5545
5546
5535
5548
5547
5549
5550
5551
5552
5553
5554
5555
5557
5556
5558
5559
5561
5562
5543
5563
5564
5565
5567
5566
5570
5571
5381
5573
5575
5576
5577
5578
5569
5582
5583
5585
5580
5586
5588
5589
5590
5591
5592
5593
5595
5596
5597
5599
5600
5601
5602
5579
5604
5605
5607
5608
5606
5610
5609
5611
5612
5614
5615
5616
5617
5496
5620
5621
5619
5622
5624
5625
5626
5623
5627
5628
5629
5613
5632
5633
5635
5637
5638
5636
5598
5641
5640
5643
5646
5648
5649
5650
5652
5653
5645
5654
5655
5651
5658
5659
5661
5663
5664
5660
5665
5666
5668
5670
5669
5671
5672
5674
5675
5673
5676
5677
5680
5681
5683
5684
5685
5686
5687
5688
5689
5690
5691
5692
5693
5694
5695
5696
5698
5699
5662
5697
5703
5704
5705
5706
5707
5702
5710
5709
5711
5714
5715
5716
5718
5721
5722
5723
5724
5725
5726
5728
5729
5730
5732
5733
5735
5736
5739
5740
5742
5743
5142
5747
5748
5750
5682
5752
5753
5754
5755
5756
5757
5758
5759
5760
5761
5762
5764
5749
5766
5767
5769
5770
5771
5603
5772
5773
5775
5768
5777
5778
5779
5780
5781
5782
5783
5786
5788
5790
5791
5713
5794
5792
5796
5797
5798
5800
5801
5793
5802
5803
5804
5805
5806
5807
5808
5809
5460
5813
4721
5815
5816
5818
5821
5820
5822
5824
5825
5826
5823
5827
5828
5830
5831
5832
5834
5789
5835
5837
5838
5839
5840
5841
5842
5843
5845
5846
5847
5848
5849
5851
4907
5853
5854
5855
5856
5852
5858
5857
5860
5861
5572
5863
5865
5864
5859
5866
5867
5868
5869
5871
5873
5876
5819
5878
5799
5880
5885
5887
5888
5884
5889
5890
5892
5891
5893
5894
5895
5896
5850
5898
5901
5900
5902
5903
5904
5872
5907
5877
5908
5899
5886
5911
5912
5915
5916
5917
5905
5920
5922
5923
5924
5925
5927
5928
5914
5931
5932
5933
5935
5934
5937
5938
5939
5926
5941
5944
5945
5947
5948
5949
5950
5952
5953
5954
5956
5913
5959
5960
5961
5962
5965
5958
5964
5968
5910
5970
5971
5972
5966
5974
5975
5929
5977
5978
5976
5980
5981
5973
5983
5984
5882
5986
5969
5979
5988
5989
5993
5994
5995
5997
6000
6001
6002
6003
6005
5059
6010
6004
6011
6013
6012
6014
6015
6008
6017
6016
6007
6018
6019
6021
6020
6022
6024
6027
6030
6031
6032
6033
6034
6036
6039
5967
6041
6042
6043
6044
6037
6040
6045
6046
6049
6038
6050
6052
6053
6056
6028
6054
6057
6059
6035
6061
6062
6063
6064
6065
6067
6069
6058
6073
6076
6077
6078
6079
6080
6081
6082
6084
6066
6087
6088
6089
6090
6091
4989
6094
6095
5985
6097
6099
6100
6101
6102
6086
6085
6104
6105
6107
6108
6109
6110
6111
5812
6112
6114
6116
6117
6118
6119
6121
6122
6123
6124
6126
6127
6128
6130
6131
6133
6134
6113
6136
6137
6138
6140
6141
6142
6106
6143
6144
6145
6146
6148
6149
6151
6152
6153
6154
6155
6156
6157
6158
6159
6160
6161
6162
6163
6164
6165
6166
6167
6168
6169
6170
6139
6171
6172
6147
6174
6173
6175
6176
6178
6180
6181
6182
6183
6185
6184
6186
6189
6190
6096
6191
6188
6194
6192
6195
6197
6198
6196
6201
6202
6203
6083
6205
6204
6208
6207
6209
6212
6213
6214
6177
6217
6218
6219
6220
6221
6222
6226
6227
6228
6230
6232
6234
6231
6235
6236
6237
6238
6239
6240
6242
6244
6245
6246
6247
6249
6250
6251
6253
6252
6254
6248
6255
6257
6258
6259
6260
6262
6263
6264
6265
6267
6269
6268
6270
6271
6274
6277
6276
6279
6280
6281
6282
6283
6284
6285
6286
6287
6289
6288
6290
6291
6292
6293
6294
6295
6296
6297
6298
6299
6300
6301
6302
6303
6304
6306
6307
6055
6305
6312
6311
6313
6308
6314
6317
6319
6320
6322
6323
6324
6325
6328
6321
6327
6331
6332
6329
6333
6334
6336
6337
6338
6340
6339
6342
6344
6341
6347
6348
6349
6225
6351
6352
6354
6356
6357
6358
6359
6360
6362
6361
6363
6366
6367
6368
6369
6370
6365
6371
6372
6373
6374
6376
6377
6378
6379
6381
6382
6384
6385
6386
6387
6389
6390
6391
6392
6375
6396
6397
6398
6309
6400
6401
6403
6406
6407
6408
6409
6410
6411
6413
6414
6416
6418
6417
6419
6420
6399
6424
6426
5388
6427
6429
6430
6431
6433
6434
6435
6437
5875
6438
6439
6440
6441
6442
6443
6404
6444
6446
6447
6448
6450
6423
6451
6452
6455
6457
6458
6459
6422
6460
6461
6463
6462
6466
6464
6467
6468
6456
6469
6470
6471
6472
6474
6475
6476
6477
6478
6479
6480
6481
6482
6484
6485
6486
6487
6488
6489
6490
6491
6494
6495
6496
6497
6210
6499
6501
6502
6503
6504
6505
6506
6493
6508
6509
6510
6511
6492
6513
6514
6515
6512
5982
6518
6521
6523
6524
6527
6528
6529
6530
6531
6533
6534
6536
6537
6538
6540
6539
6465
6541
6542
6544
6545
6547
6520
6549
6550
6551
6552
6553
6548
6555
6556
6557
6558
6559
6560
6561
6562
6563
6564
6565
6566
6567
6570
6571
6572
6573
6574
6575
6576
6577
6578
6580
6569
6581
6583
6584
6585
6586
6587
6588
6589
6590
6592
6591
6593
6595
6596
6594
6597
6600
6602
6603
6604
6605
6606
6607
6601
6611
6612
6613
6614
6568
6617
6616
6618
6621
6615
6625
6626
6627
6628
6631
6632
6633
6634
6636
6635
6638
6639
6640
6642
6644
6630
6648
6649
6650
6498
6646
6652
6654
6655
6645
6659
6651
6658
6661
6662
6663
6665
6666
6664
6668
6669
6670
6671
6672
6673
6674
6675
6667
6676
6637
6677
6678
6679
6681
6683
6684
6685
6686
6690
6692
6694
6695
6696
6697
6609
6701
6702
6703
6705
6706
6707
6708
6709
6710
6711
6712
6713
6715
6716
6717
6718
6719
6704
6722
6721
6720
6724
6725
6726
6728
6729
6727
6730
6732
6734
6735
6731
6738
6739
6740
6741
6742
6743
6745
6747
6748
6749
6750
6751
6752
6753
6755
6756
6758
6760
6762
6763
6765
6766
6767
6768
6769
6771
6772
6774
6776
6777
6778
6779
6780
6781
6783
6761
6784
6785
6787
6789
6792
6793
6794
6791
6796
6799
6800
6801
6798
6805
6806
6797
6808
6810
6802
6809
6813
6714
6807
6816
6817
6815
6818
6819
6820
6824
6825
6821
6827
6828
6829
6830
6831
6833
6834
6835
6836
6837
6838
6839
6843
6844
6848
6822
6851
6852
6853
6855
6812
6856
6858
6860
6861
6862
6863
6864
6866
6867
6845
6870
6871
6872
6873
6868
6876
6875
6877
6879
6878
6880
6882
6883
6881
6884
6886
6887
6888
6890
6889
6894
6896
6897
6898
6899
6900
6901
6902
6904
6905
6907
6908
6909
6910
6579
6911
6912
6803
6915
6916
6917
6919
6920
6273
6922
6869
6923
6924
6847
6928
6925
6931
6930
6933
6934
6935
6936
6937
6938
6940
6941
6942
6943
6846
6945
6947
6948
6946
6950
6949
6951
6952
6944
6954
6955
6956
6958
6959
6953
6961
6964
6965
6966
6968
6969
6962
6970
6971
6974
6975
6976
6903
6963
6979
6980
6981
6982
6983
6984
6985
6989
6990
6994
6987
6996
6992
6997
6998
6999
7000
7001
7003
7004
7006
7009
7010
7011
7012
7007
7014
7017
7018
7005
7020
7019
7022
7023
7024
7025
7026
7027
7028
7030
7032
7035
7036
7038
7039
6991
7041
7042
7037
7044
7045
7046
7047
7048
7049
7050
7051
7056
7057
7058
7059
7060
7061
7062
7063
7066
7069
7070
7071
7072
7073
7068
7075
7077
7078
7079
7081
7082
7083
7080
7084
7086
7087
7088
7090
7089
7064
7093
7094
7095
7096
7097
7098
7100
7091
7103
7105
7107
7108
7109
7110
7112
7113
7114
7115
7116
7117
7118
7120
7121
7122
7123
7126
6150
7128
7129
7131
7132
7135
7136
7134
7137
7139
7140
7141
7142
7143
7145
7147
7148
7149
7150
7152
7154
7155
7156
7157
7158
7160
7127
7162
7163
7164
7165
6960
7166
7167
7169
7168
7170
7172
7173
7174
7175
7176
7177
7178
7146
7179
7181
7182
7183
7184
7186
7187
7188
7189
7193
7195
7180
7198
7199
7201
7200
7204
7206
7207
7209
7210
7213
7212
7215
7218
7220
7219
7222
7223
7225
7226
7197
7229
7230
7231
7232
7234
7205
7235
7238
7239
7240
7241
7243
7244
7245
7246
7242
7249
7250
7251
7252
7247
7254
7255
7236
7257
7258
7260
7256
7263
7264
7265
7266
7267
7262
7268
7269
7133
7272
7270
7274
7275
7276
7278
7279
7281
7283
7284
7280
7287
7288
7289
7290
7293
7296
7292
7138
7299
7300
7301
7302
7304
7305
7306
7307
7308
7309
7310
7311
7312
7313
7314
7315
7316
7317
7318
7319
7320
7323
7325
7326
7327
7328
7330
7331
7333
7334
7335
7336
7337
7340
7341
7342
7343
7344
7346
7348
7349
7350
7352
7353
7354
7355
7357
7358
7298
7359
7361
7362
7360
7363
7364
7365
7366
7367
7369
7370
7371
7372
7373
7374
7375
7376
7377
7378
7379
7381
7382
7384
7385
7386
7388
7391
7387
7392
7393
7394
7396
7397
7398
7395
7400
7399
7405
7406
7408
7407
7409
7410
7411
7338
7368
7414
7415
7416
7418
7419
7420
7421
7423
7424
7425
7426
7404
7427
7428
7417
7429
7432
7433
7434
7436
7437
7438
7439
7413
7442
7443
7444
7445
7446
7422
7450
7451
7453
7454
7455
7457
7458
7452
7460
7459
7461
7463
7464
7466
7467
7468
7470
7469
7471
7472
7473
7474
7476
7478
7479
7477
7480
7481
7482
7483
7485
6764
7487
7484
7489
7490
7491
7493
7494
7496
7497
7498
7499
7502
7503
7505
7506
7507
7510
7511
7512
7332
7513
7514
7515
7516
7518
7519
7520
7522
7521
7523
7524
7525
7526
7527
7528
7529
7508
7534
7536
7535
7538
7539
7543
7545
7546
7532
7544
7549
7550
7552
7554
7555
7557
7558
7560
7561
7537
7564
7565
7566
7569
7568
7571
7573
7570
7575
7577
5058
7580
7581
7582
7585
7587
7584
7588
7589
7591
7592
7593
7594
7596
7600
7602
7603
7604
7605
7548
7608
7609
7610
7611
7606
7613
7614
7615
7618
7619
7620
7621
7622
7623
7624
7626
7612
7628
7598
7629
7607
7630
7632
7631
7634
7636
7637
7638
7639
7635
7641
7640
7599
7646
7647
7644
7643
7650
7652
7648
7654
7655
7656
7657
7658
7659
7660
7662
7663
7661
7665
7666
7668
7670
7671
7673
7669
7675
7676
7678
7680
7681
7682
7683
7684
7651
7685
7687
7686
7688
7689
7691
7692
7693
7694
7695
7697
7698
7690
7701
7702
7703
7704
7705
7706
7708
7709
7710
7711
7712
7713
7700
7716
7719
7715
7721
7722
7724
7725
7727
7728
7726
7730
7731
7729
7732
7734
7735
7723
7736
7738
7720
7740
7741
7733
7742
7744
7746
7747
7748
7749
7750
7751
7752
7753
7754
7755
7759
7761
7760
7763
7764
7765
7766
7767
7768
7770
7773
7772
7774
7776
7775
7778
7779
7780
7781
7782
7714
7783
7785
7786
7784
7787
7788
7789
7791
7792
7795
7796
7797
7798
7799
7801
6554
7803
7805
7806
7809
7810
7811
7813
7814
7815
7679
7817
7818
7819
7820
7816
7823
7825
7826
7827
7828
7829
7830
7831
7832
7833
7834
7836
7837
7839
7841
7843
7844
7845
7846
7847
7848
7849
7850
7851
7852
7853
7854
7855
7838
7858
7859
7860
7856
7863
7864
7865
7866
7867
7869
7871
7873
7875
7876
7877
7878
7879
7882
7883
7881
7886
7887
7888
7889
7890
7892
7885
7898
7899
7900
7901
7902
7903
7904
7905
7906
7908
7802
7911
7912
7913
7914
7915
7918
7919
7920
7921
7923
7924
7925
7929
7930
7926
7931
7935
7932
7933
7937
7938
7916
7941
7942
7943
7944
7945
7936
7946
7949
7951
7952
7950
7954
7955
7958
7959
7960
7962
7963
7965
7966
7939
7968
7970
7971
7972
7973
7974
7975
7907
7976
7978
7977
7981
7982
7983
7984
7985
7987
7988
7989
7990
7991
7992
7993
7994
7995
7996
7980
7997
7999
8001
8002
8003
8004
8005
8006
8008
8009
8010
7824
8012
8013
8014
5269
7967
8018
8019
8020
8021
8023
8024
8026
8027
8030
8031
8032
8033
8034
8035
8039
8040
8037
8042
8043
7431
8045
8047
8028
8049
8051
8052
8053
8054
8055
8056
8058
8059
8060
8061
8062
8064
8063
8066
8065
8070
8071
8072
8073
8074
8075
8077
8078
8079
8080
8081
8082
7842
8083
8084
8087
8088
8089
8090
8086
8092
8093
8095
8091
8097
8098
8069
8099
8101
8102
8103
8104
8106
8107
8108
8111
8110
8112
8114
8116
8041
8117
8115
8121
8122
8123
8124
8113
8126
8127
8128
8129
8130
8131
8132
8133
8134
8135
8136
8137
8138
8139
8140
8141
7940
8143
8144
8146
8147
8148
8149
8151
8150
8152
8153
8154
8156
8157
8158
8159
8160
8161
8163
8165
8166
8167
8164
8168
8170
8173
8175
8177
8179
8182
8183
8184
8178
8188
8171
8190
8191
8192
8193
8194
8195
8197
8198
8200
8187
8203
8202
8205
8206
8207
8201
8208
8209
8210
8211
8214
8215
8216
8217
8219
8189
8220
8221
8222
8226
8227
7961
8228
8225
8230
8213
8231
8233
8236
8239
8238
8237
8242
8244
8246
8245
8247
8248
8249
8250
8243
8253
8254
8255
8251
8259
8260
8262
8263
8264
8265
8266
8269
8270
8271
8273
8274
8275
8277
8278
8279
8280
8276
8267
8284
8285
8286
8289
8291
8294
8296
8295
8297
8300
8301
8302
8298
8303
8304
8306
8305
8309
8310
8311
8181
8312
8313
8314
8317
8318
8319
8316
8321
8323
8325
8290
8326
8328
8329
8331
8332
8334
8335
8336
8337
8338
8330
8339
8340
8342
8343
8346
8347
8349
8351
8352
8354
8355
8356
8357
8358
8361
8362
8363
8364
8365
8366
8367
8369
8370
8371
8372
8373
8375
8374
8377
8379
8380
8381
8383
8384
8385
8386
8387
8388
8389
8392
8393
8327
8324
8397
8398
8399
8400
8394
8401
8402
8403
8407
8408
8409
8412
8413
8414
8416
8418
8417
8421
8422
8423
8424
8425
8420
8428
8430
8432
8433
8118
8434
8431
8441
8442
8443
8439
8445
8444
8447
8448
8449
8450
8446
8452
8453
8455
8456
8415
8457
8459
8458
8395
8460
8463
8464
8466
8465
8469
8473
8474
8462
8477
8478
8479
8480
8481
8482
8483
8451
8390
8486
8485
8487
8488
8490
8493
8497
8499
8500
8484
8504
8505
8506
8507
8508
8509
8511
8512
8516
8513
8517
8438
8523
8525
8526
8527
8528
8529
8530
8531
8532
8533
8534
8496
8538
8539
8541
8542
8543
8545
8546
8547
8548
8550
8551
8553
8554
8036
8555
8549
8557
8559
8560
8561
8562
8563
8564
8566
8567
8558
8569
8570
8571
8574
8575
8576
8578
8537
8580
8581
8584
8585
8586
8587
8588
8568
8589
8591
8592
8593
8596
8597
8594
8598
8600
8590
8577
8599
8605
8606
8603
8607
8609
8610
8604
8611
8612
8614
8613
8616
8619
8620
8621
8622
8623
8608
8624
8626
8617
8625
8628
8629
8627
7627
8636
8634
8637
8639
8640
8633
8635
8642
8643
8644
8646
8641
8615
8650
8602
8651
8655
8657
7601
8658
8653
8659
8660
8656
8663
8664
8666
8661
8668
8670
8671
8672
8667
8674
8675
8673
8677
8678
8680
8681
8682
8683
8679
8685
8686
8687
8690
8518
8688
8692
8691
8684
8694
8695
8696
8699
8700
8701
8702
8703
8693
8704
8707
8698
8709
8711
8710
8283
8712
8713
8715
8716
8717
8662
8722
8724
8718
8726
8728
8729
8730
8732
8733
8731
8735
8721
8736
8737
8738
8741
8676
8743
8725
8744
8515
8747
8751
8752
8745
8755
8748
8756
8757
8753
8758
8760
8761
8764
8765
8766
8767
8770
8771
8773
8774
8772
8775
8776
8777
8778
8779
8723
8742
8782
8783
8784
8788
8789
8720
8793
8794
8791
8795
8796
8798
8799
8801
8780
8805
8754
8807
8808
8809
8810
8812
8813
8815
8811
8817
8818
8820
8821
8823
8825
8826
8827
8829
8830
8734
8832
8831
8833
8835
8837
8838
8836
8840
8436
8828
8842
8843
8844
8847
8851
8854
8853
8857
8858
8860
8861
8862
8850
8864
8866
8868
8869
8867
8871
8875
8872
8877
8876
8878
8879
8880
8882
8881
8884
8887
8888
8889
8886
8890
8891
8892
8893
8894
8535
8895
8897
8899
8901
8902
8904
8905
8906
8907
8908
8909
8911
8912
8913
8915
8916
8917
8918
8870
8921
8920
8922
8924
8925
8926
8927
8928
8919
8929
8931
8932
8933
8934
8936
8937
8938
8940
8885
8942
8943
8945
8855
8947
8946
8948
8950
8951
8949
8952
8956
8957
8959
8960
8958
8963
6394
8965
8966
8967
8968
8970
8971
8972
8975
8714
8976
8977
8978
8979
8980
8981
8982
8983
8984
8985
8987
8988
8989
8990
8992
8993
8994
8995
8996
8997
8998
8999
9000
9001
9002
9003
9004
9005
8856
9006
9007
9010
9012
9013
9014
9015
9016
9008
9017
9018
9020
9021
9022
9019
9025
9009
9027
9026
9029
9030
9031
9033
9034
9035
8969
9037
9038
9039
9040
9042
9036
9044
8974
9045
8914
9047
9048
9049
9050
9052
9053
9055
9056
9057
9058
9054
9028
9062
9063
8961
9064
9065
9067
9060
9069
9070
9071
9073
9074
9059
9075
9077
9078
9046
9079
9080
9081
9082
9084
9083
9086
9087
9089
9090
9066
9072
9092
9093
9088
9096
9097
9099
9100
9101
9103
9104
9107
9108
9102
9109
9110
9111
9115
9113
9117
9118
9094
9119
9122
9124
9125
9123
9127
9128
9129
9061
9131
9132
9135
9136
9137
9023
9138
9141
9142
9143
9144
9145
9148
9149
9150
9152
9153
9154
9156
9157
9158
9159
9160
9161
9162
9163
9164
9166
9165
9167
9168
9169
9171
9174
9173
9176
9112
9178
9179
9177
9180
9181
9182
9183
9184
9085
9175
9187
9189
9190
9191
9192
9193
9194
9195
9147
9196
9197
9198
9199
9200
9116
9202
9203
9204
9207
9206
9208
9209
9211
9212
9214
9216
9215
9219
9220
8955
9223
9225
9226
9227
9228
9229
9217
9231
9230
9232
9233
9235
9237
9236
9241
9242
9243
9240
9244
9246
9247
9248
9250
9252
9253
9254
9256
9257
9258
9259
9234
9262
9263
9264
9265
9267
9268
9270
9271
9188
9261
9274
9275
9277
1140
9279
9280
8953
9282
9284
9285
9286
9287
9283
9290
9289
9291
9292
9294
9295
9296
9297
9298
9300
9303
9304
9305
9306
9307
9308
9311
9312
9313
9120
9315
9316
9317
9318
9319
9320
9321
9322
9323
9324
9309
9326
9327
9328
9329
9330
9331
9325
9334
9335
9337
9340
9343
9345
9347
9348
9349
9346
9352
9354
9355
9357
9358
9359
9360
9361
9353
9363
9362
9366
9367
9369
9370
9364
9372
9373
9374
9375
9376
9377
9378
9379
9381
9383
9371
9388
9387
9389
9385
9391
9392
9393
9394
9395
9396
9398
9399
9401
9402
9403
9390
9405
9406
9407
9408
9400
9410
9411
9414
9276
9416
9418
9417
9421
9422
9423
9424
9425
9426
9427
9429
9428
9430
9432
9433
9434
9380
9436
9437
9438
9439
9441
9440
9431
9435
9445
9444
9446
9447
9448
9450
9451
9452
9454
9455
9449
9459
9460
9458
9464
9463
9466
9467
9469
9470
9472
9473
9474
9475
9476
9477
9478
9479
9443
9481
9484
9485
9486
9488
9489
9491
9409
9493
9494
9495
9492
9496
9497
9500
9501
9502
9503
9504
9505
9506
9509
9512
9513
9511
9515
9516
9518
9521
9522
9517
9524
9525
9526
9527
9528
9530
9532
9533
9534
9535
9536
9537
9538
9540
9541
9542
9544
9545
9543
9546
9547
9548
9549
9550
9551
9553
9554
9555
9556
9539
9557
9558
9559
9560
9552
9562
9563
9568
9569
9570
9571
9465
9573
9574
9575
9576
9579
9222
9580
9582
9420
9584
9572
9585
9561
9588
9591
9592
9594
9595
9597
9596
9598
9599
9600
9601
9602
9603
9604
9605
9608
9609
9610
9581
9612
9613
9615
9606
9618
9614
9621
9620
9622
9623
9617
9625
9627
9629
9631
9630
9632
9635
9634
9637
9639
9640
9641
9643
9644
9645
9646
9647
9649
9648
9651
9652
9653
9655
9656
9657
9658
9659
9661
9662
9664
9665
9666
9668
9670
9671
9673
9589
9676
9677
9675
9680
9681
9683
9684
9685
9687
9660
9689
9686
9691
9692
9688
9693
9694
9696
9698
9700
9702
9704
9705
9706
9707
9709
9708
9712
9714
9716
9717
9718
9719
9721
9722
9723
8819
9725
9726
9727
9728
9730
9729
9720
9731
9734
9735
9737
9738
9740
9743
9744
9745
9741
9746
9747
9749
9750
9748
9752
9753
9751
9754
9758
9760
9761
9762
9763
9764
9765
9769
9771
9739
9773
9774
9775
9776
9778
9779
9780
9782
9783
9784
9785
9786
9755
9788
9781
9759
9791
9787
9792
9793
9794
9796
9797
9798
9795
9799
9789
9800
9802
9803
9804
9805
9801
9807
9809
9810
9811
9808
9812
9814
9815
9816
9817
9818
9819
9821
9822
9825
9823
9829
9830
9831
9832
9834
9835
9839
9840
9841
9842
9824
9847
9813
9846
9850
9851
9853
9854
9855
9856
9857
9858
9859
9860
9861
9863
9862
9864
9865
9868
9869
9871
9872
9873
9757
9876
9875
9879
9837
9883
9881
9885
9886
9888
9889
9890
9891
9884
9892
9893
9895
9896
9897
9898
9899
7541
9901
9903
9904
9906
9907
9905
9894
9910
9911
9912
9908
9913
9914
9916
9917
9915
9919
9920
9921
9293
9923
9924
9925
9926
9929
9930
9931
9932
9933
9935
9938
9936
9940
9942
9941
9945
9900
9946
9947
9949
9950
9948
9951
9952
9943
9956
9957
9958
9845
9960
9961
9902
9964
9965
9967
9959
9968
9970
9972
9973
9962
9975
9976
9977
9981
9982
9983
9985
9987
9989
9991
9992
9990
9974
9994
9998
9999
9996
9619
9934
9882
